10000FF
10000FF
10000FF
10000FF
10000FF
10000FF
10000FF
10000FF
10000FF
10000FF
0000000
0000000
0000000
0000000
0000000
0000000
0000000
0000000
0000000
10000FF
0000000
0000000
0000000
0000000
0000000
0000000
0000000
0000000
10000FF
0000000
0000000
0000000
0000000
0000000
0000000
0000000
0000000
10000FF
0000000
0000000
0000000
0000000
0000000
0000000
0000000
0000000
10000FF
0000000
0000000
0000000
0000000
0000000
0000000
0000000
0000000
10000FF
0000000
0000000
0000000
0000000
0000000
0000000
0000000
0000000
10000FF
0000000
0000000
0000000
0000000
0000000
0000000
0000000
0000000
10000FF
0000000
0000000
0000000
0000000
0000000
0000000
0000000
0000000
10000FF
0000000
0000000
0000000
0000000
0000000
0000000
0000000
0000000
10000FF
0000000
0000000
0000000
0000000
0000000
0000000
0000000
0000000
10000FF
0000000
0000000
0000000
0000000
0000000
0000000
0000000
0000000
0000000

